foo <- c(5, -2.3, 4, 6, 8, 10)
foo[2]

foo[c(1, 3, 5)]

foo[1] <- 99

R
foo <- c(5, -2.3, 4, 6, 8, 10)

R
foo[2]


[1] -2.3

R
foo[c(1, 3, 5)]


[1] 5 4 8

R
foo[1] <- 99


[1] 99 -2.3 4 6 8 10

